{
    "matrices": [
        {
            "m00": 0.6717162132263184,
            "m10": -0.5257326364517212,
            "m20": 0.5219219923019409,
            "m30": 0.0,
            "m01": -0.5257326364517212,
            "m11": 0.15806140005588532,
            "m21": 0.8358359932899475,
            "m31": 0.0,
            "m02": -0.5219219923019409,
            "m12": -0.8358359336853027,
            "m22": -0.17022240161895753,
            "m32": 0.0,
            "m03": -18.588134765625,
            "m13": -47.62903594970703,
            "m23": -43.56298828125,
            "m33": 1.0
        },
        {
            "m00": 0.991054892539978,
            "m10": 0.04503331705927849,
            "m20": 0.12562745809555055,
            "m30": 0.0,
            "m01": 0.0450332909822464,
            "m11": 0.7732847929000855,
            "m21": -0.6324577331542969,
            "m31": 0.0,
            "m02": -0.12562739849090577,
            "m12": 0.6324576735496521,
            "m22": 0.7643395662307739,
            "m32": 0.0,
            "m03": 19.603107452392579,
            "m13": -6.5186333656311039,
            "m23": 30.03217124938965,
            "m33": 1.0
        },
        {
            "m00": 0.3081415891647339,
            "m10": -0.2087799459695816,
            "m20": 0.9281485676765442,
            "m30": 0.0,
            "m01": -0.20877988636493684,
            "m11": 0.93699711561203,
            "m21": 0.280084490776062,
            "m31": 0.0,
            "m02": -0.9281485676765442,
            "m12": -0.2800845503807068,
            "m22": 0.24513867497444154,
            "m32": 0.0,
            "m03": 48.69202423095703,
            "m13": -22.0179500579834,
            "m23": 36.46617126464844,
            "m33": 1.0
        },
        {
            "m00": 0.9171215891838074,
            "m10": 0.3936645984649658,
            "m20": 0.0625803992152214,
            "m30": 0.0,
            "m01": 0.3936646282672882,
            "m11": -0.8698679208755493,
            "m21": -0.29725077748298647,
            "m31": 0.0,
            "m02": -0.06258043646812439,
            "m12": 0.2972507178783417,
            "m22": -0.9527462720870972,
            "m32": 0.0,
            "m03": -20.14224624633789,
            "m13": -45.664154052734378,
            "m23": -1.2538973093032838,
            "m33": 1.0
        },
        {
            "m00": 0.4704717695713043,
            "m10": -0.3005642592906952,
            "m20": -0.829649031162262,
            "m30": 0.0,
            "m01": -0.3005641996860504,
            "m11": 0.8293974995613098,
            "m21": -0.47091513872146609,
            "m31": 0.0,
            "m02": 0.8296489715576172,
            "m12": 0.4709150493144989,
            "m22": 0.299869179725647,
            "m32": 0.0,
            "m03": -38.62998580932617,
            "m13": 6.132823944091797,
            "m23": 40.947486877441409,
            "m33": 1.0
        },
        {
            "m00": 0.4717472195625305,
            "m10": 0.5259029865264893,
            "m20": -0.707729160785675,
            "m30": 0.0,
            "m01": 0.525903046131134,
            "m11": 0.4764362871646881,
            "m21": 0.7045810222625732,
            "m31": 0.0,
            "m02": 0.7077290415763855,
            "m12": -0.7045809626579285,
            "m22": -0.05181646719574928,
            "m32": 0.0,
            "m03": -3.8725786209106447,
            "m13": 7.400995254516602,
            "m23": -39.023780822753909,
            "m33": 1.0
        },
        {
            "m00": 0.8656056523323059,
            "m10": 0.08065331727266312,
            "m20": -0.49418824911117556,
            "m30": 0.0,
            "m01": 0.0806533694267273,
            "m11": 0.951598048210144,
            "m21": 0.296574205160141,
            "m31": 0.0,
            "m02": 0.4941881597042084,
            "m12": -0.2965741753578186,
            "m22": 0.8172035813331604,
            "m32": 0.0,
            "m03": 2.9947595596313478,
            "m13": -34.895545959472659,
            "m23": -46.76890563964844,
            "m33": 1.0
        },
        {
            "m00": 0.6919904351234436,
            "m10": 0.37302732467651369,
            "m20": -0.6180614233016968,
            "m30": 0.0,
            "m01": 0.37302735447883608,
            "m11": 0.5482305288314819,
            "m21": 0.7485278844833374,
            "m31": 0.0,
            "m02": 0.618061363697052,
            "m12": -0.7485278844833374,
            "m22": 0.24022087454795838,
            "m32": 0.0,
            "m03": 15.241908073425293,
            "m13": -26.987382888793947,
            "m23": -42.39209747314453,
            "m33": 1.0
        },
        {
            "m00": 0.8645746111869812,
            "m10": -0.36104831099510195,
            "m20": -0.34950682520866396,
            "m30": 0.0,
            "m01": -0.36104828119277956,
            "m11": 0.03743446618318558,
            "m21": -0.9317956566810608,
            "m31": 0.0,
            "m02": 0.34950676560401919,
            "m12": 0.9317954778671265,
            "m22": -0.0979909673333168,
            "m32": 0.0,
            "m03": 32.01545333862305,
            "m13": -1.686185598373413,
            "m23": -24.43090057373047,
            "m33": 1.0
        },
        {
            "m00": 0.7871791124343872,
            "m10": -0.562969982624054,
            "m20": -0.2518213093280792,
            "m30": 0.0,
            "m01": -0.5629699230194092,
            "m11": -0.4892105758190155,
            "m21": -0.6661368012428284,
            "m31": 0.0,
            "m02": 0.25182124972343447,
            "m12": 0.666136622428894,
            "m22": -0.7020314335823059,
            "m32": 0.0,
            "m03": -27.24001121520996,
            "m13": -33.403621673583987,
            "m23": 19.91476821899414,
            "m33": 1.0
        },
        {
            "m00": 0.04453144967556,
            "m10": 0.4008701741695404,
            "m20": 0.9150519967079163,
            "m30": 0.0,
            "m01": 0.40087008476257326,
            "m11": 0.831813633441925,
            "m21": -0.38391315937042239,
            "m31": 0.0,
            "m02": -0.9150519371032715,
            "m12": 0.3839130997657776,
            "m22": -0.12365508079528809,
            "m32": 0.0,
            "m03": 46.16946029663086,
            "m13": -36.533226013183597,
            "m23": -29.26272201538086,
            "m33": 1.0
        },
        {
            "m00": -0.3363063633441925,
            "m10": -0.7217358946800232,
            "m20": -0.6049755215644836,
            "m30": 0.0,
            "m01": -0.7217358946800232,
            "m11": 0.6101921796798706,
            "m21": -0.3267459273338318,
            "m31": 0.0,
            "m02": 0.6049755215644836,
            "m12": 0.32674580812454226,
            "m22": -0.72611403465271,
            "m32": 0.0,
            "m03": 35.097190856933597,
            "m13": 32.42805099487305,
            "m23": -18.38149642944336,
            "m33": 1.0
        },
        {
            "m00": -0.44066786766052248,
            "m10": 0.4033382534980774,
            "m20": 0.8019537925720215,
            "m30": 0.0,
            "m01": 0.40333831310272219,
            "m11": 0.8870788216590881,
            "m21": -0.22451990842819215,
            "m31": 0.0,
            "m02": -0.8019537925720215,
            "m12": 0.22451993823051454,
            "m22": -0.5535889863967896,
            "m32": 0.0,
            "m03": -7.204360008239746,
            "m13": 6.7983832359313969,
            "m23": 28.59712791442871,
            "m33": 1.0
        },
        {
            "m00": 0.9089632630348206,
            "m10": 0.36904171109199526,
            "m20": 0.193891704082489,
            "m30": 0.0,
            "m01": 0.36904168128967287,
            "m11": -0.49600911140441897,
            "m21": -0.785991907119751,
            "m31": 0.0,
            "m02": -0.19389168918132783,
            "m12": 0.7859918475151062,
            "m22": -0.5870459079742432,
            "m32": 0.0,
            "m03": 16.103588104248048,
            "m13": -30.622480392456056,
            "m23": 44.8124885559082,
            "m33": 1.0
        },
        {
            "m00": 0.5902936458587647,
            "m10": 0.0842222273349762,
            "m20": 0.8027826547622681,
            "m30": 0.0,
            "m01": 0.08422226458787918,
            "m11": 0.9826866388320923,
            "m21": -0.16502583026885987,
            "m31": 0.0,
            "m02": -0.8027826547622681,
            "m12": 0.16502586007118226,
            "m22": 0.5729803442955017,
            "m32": 0.0,
            "m03": 28.179264068603517,
            "m13": -40.94507598876953,
            "m23": 34.412227630615237,
            "m33": 1.0
        },
        {
            "m00": 0.7991294860839844,
            "m10": 0.2488434761762619,
            "m20": -0.5472376346588135,
            "m30": 0.0,
            "m01": 0.24884344637393952,
            "m11": 0.691726565361023,
            "m21": 0.6779317259788513,
            "m31": 0.0,
            "m02": 0.5472376346588135,
            "m12": -0.6779317259788513,
            "m22": 0.49085596203804018,
            "m32": 0.0,
            "m03": -1.0846688747406006,
            "m13": -14.50024127960205,
            "m23": 3.179865837097168,
            "m33": 1.0
        },
        {
            "m00": 0.7191977500915527,
            "m10": -0.06606512516736984,
            "m20": 0.691657543182373,
            "m30": 0.0,
            "m01": -0.06606516242027283,
            "m11": 0.9844566583633423,
            "m21": 0.16272826492786408,
            "m31": 0.0,
            "m02": -0.6916574239730835,
            "m12": -0.1627282202243805,
            "m22": 0.7036543488502502,
            "m32": 0.0,
            "m03": 27.85468101501465,
            "m13": 14.686833381652832,
            "m23": -15.991727828979493,
            "m33": 1.0
        },
        {
            "m00": 0.9919206500053406,
            "m10": 0.034894853830337527,
            "m20": -0.12196674942970276,
            "m30": 0.0,
            "m01": 0.03489488363265991,
            "m11": 0.8492897152900696,
            "m21": 0.5267726182937622,
            "m31": 0.0,
            "m02": 0.12196670472621918,
            "m12": -0.5267725586891174,
            "m22": 0.8412101864814758,
            "m32": 0.0,
            "m03": 42.332820892333987,
            "m13": -42.107017517089847,
            "m23": 36.81327819824219,
            "m33": 1.0
        },
        {
            "m00": -0.16718707978725434,
            "m10": -0.6339768171310425,
            "m20": -0.7550643086433411,
            "m30": 0.0,
            "m01": -0.6339768171310425,
            "m11": 0.655644953250885,
            "m21": -0.41012558341026308,
            "m31": 0.0,
            "m02": 0.7550643682479858,
            "m12": 0.4101255536079407,
            "m22": -0.5115420818328857,
            "m32": 0.0,
            "m03": 38.021949768066409,
            "m13": 13.488731384277344,
            "m23": 1.1667307615280152,
            "m33": 1.0
        },
        {
            "m00": 0.4862467050552368,
            "m10": 0.39444223046302798,
            "m20": 0.779730498790741,
            "m30": 0.0,
            "m01": 0.3944421112537384,
            "m11": 0.6971607804298401,
            "m21": -0.5986502766609192,
            "m31": 0.0,
            "m02": -0.7797305583953857,
            "m12": 0.5986502170562744,
            "m22": 0.18340745568275453,
            "m32": 0.0,
            "m03": 20.118961334228517,
            "m13": 45.61712646484375,
            "m23": -34.335166931152347,
            "m33": 1.0
        }
    ]
}