[
        {
            "m00": 0.991054892539978,
            "m10": 0.045033324509859088,
            "m20": 0.12562745809555055,
            "m30": 0.0,
            "m01": 0.04503333568572998,
            "m11": 0.7732847929000855,
            "m21": -0.6324576735496521,
            "m31": 0.0,
            "m02": -0.12562745809555055,
            "m12": 0.6324576735496521,
            "m22": 0.7643396258354187,
            "m32": 0.0,
            "m03": 19.603107452392579,
            "m13": -6.518629550933838,
            "m23": 30.032167434692384,
            "m33": 1.0
        },
        {
            "m00": 0.6717162132263184,
            "m10": -0.5257327556610107,
            "m20": 0.5219219923019409,
            "m30": 0.0,
            "m01": -0.5257326364517212,
            "m11": 0.1580614596605301,
            "m21": 0.8358359336853027,
            "m31": 0.0,
            "m02": -0.5219219923019409,
            "m12": -0.8358359336853027,
            "m22": -0.17022238671779633,
            "m32": 0.0,
            "m03": -18.588130950927736,
            "m13": -47.629032135009769,
            "m23": -43.562984466552737,
            "m33": 1.0
        },
        {
            "m00": 0.3081415891647339,
            "m10": -0.2087799459695816,
            "m20": 0.9281485676765442,
            "m30": 0.0,
            "m01": -0.20877988636493684,
            "m11": 0.93699711561203,
            "m21": 0.280084490776062,
            "m31": 0.0,
            "m02": -0.9281485676765442,
            "m12": -0.2800845503807068,
            "m22": 0.24513867497444154,
            "m32": 0.0,
            "m03": 48.69202423095703,
            "m13": -22.0179500579834,
            "m23": 36.46617126464844,
            "m33": 1.0
        },
        {
            "m00": 0.9171215295791626,
            "m10": 0.3936645984649658,
            "m20": 0.06258039176464081,
            "m30": 0.0,
            "m01": 0.3936646580696106,
            "m11": -0.8698679208755493,
            "m21": -0.2972507178783417,
            "m31": 0.0,
            "m02": -0.06258037686347962,
            "m12": 0.2972506880760193,
            "m22": -0.9527463316917419,
            "m32": 0.0,
            "m03": -20.14225196838379,
            "m13": -45.664154052734378,
            "m23": -1.2538998126983643,
            "m33": 1.0
        },
        {
            "m00": 0.4717472195625305,
            "m10": 0.5259029865264893,
            "m20": -0.707729160785675,
            "m30": 0.0,
            "m01": 0.5259029865264893,
            "m11": 0.4764363467693329,
            "m21": 0.7045810222625732,
            "m31": 0.0,
            "m02": 0.707729160785675,
            "m12": -0.704581081867218,
            "m22": -0.0518164336681366,
            "m32": 0.0,
            "m03": -3.87258243560791,
            "m13": 7.400996685028076,
            "m23": -39.023780822753909,
            "m33": 1.0
        },
        {
            "m00": 0.47047173976898196,
            "m10": -0.3005642592906952,
            "m20": -0.8296489715576172,
            "m30": 0.0,
            "m01": -0.3005642890930176,
            "m11": 0.8293973803520203,
            "m21": -0.4709150791168213,
            "m31": 0.0,
            "m02": 0.829649031162262,
            "m12": 0.4709151089191437,
            "m22": 0.29986920952796938,
            "m32": 0.0,
            "m03": -38.62998580932617,
            "m13": 6.132822036743164,
            "m23": 40.94748306274414,
            "m33": 1.0
        },
        {
            "m00": 0.8656056523323059,
            "m10": 0.08065331727266312,
            "m20": -0.49418824911117556,
            "m30": 0.0,
            "m01": 0.0806533694267273,
            "m11": 0.951598048210144,
            "m21": 0.296574205160141,
            "m31": 0.0,
            "m02": 0.4941881597042084,
            "m12": -0.2965741753578186,
            "m22": 0.8172035813331604,
            "m32": 0.0,
            "m03": 2.9947595596313478,
            "m13": -34.895545959472659,
            "m23": -46.76890563964844,
            "m33": 1.0
        },
        {
            "m00": 0.8645746111869812,
            "m10": -0.36104831099510195,
            "m20": -0.34950682520866396,
            "m30": 0.0,
            "m01": -0.36104828119277956,
            "m11": 0.03743446618318558,
            "m21": -0.9317956566810608,
            "m31": 0.0,
            "m02": 0.34950676560401919,
            "m12": 0.9317954778671265,
            "m22": -0.0979909673333168,
            "m32": 0.0,
            "m03": 32.01545333862305,
            "m13": -1.686185598373413,
            "m23": -24.43090057373047,
            "m33": 1.0
        },
        {
            "m00": 0.6919903755187988,
            "m10": 0.3730272054672241,
            "m20": -0.6180614233016968,
            "m30": 0.0,
            "m01": 0.3730272948741913,
            "m11": 0.5482305884361267,
            "m21": 0.7485279440879822,
            "m31": 0.0,
            "m02": 0.6180614829063416,
            "m12": -0.7485279440879822,
            "m22": 0.24022088944911958,
            "m32": 0.0,
            "m03": 15.241907119750977,
            "m13": -26.987382888793947,
            "m23": -42.39209747314453,
            "m33": 1.0
        },
        {
            "m00": -0.33630630373954775,
            "m10": -0.7217358946800232,
            "m20": -0.6049755215644836,
            "m30": 0.0,
            "m01": -0.7217358350753784,
            "m11": 0.6101921200752258,
            "m21": -0.32674580812454226,
            "m31": 0.0,
            "m02": 0.6049755215644836,
            "m12": 0.32674580812454226,
            "m22": -0.7261140942573547,
            "m32": 0.0,
            "m03": 35.097190856933597,
            "m13": 32.42805480957031,
            "m23": -18.381492614746095,
            "m33": 1.0
        },
        {
            "m00": -0.44066786766052248,
            "m10": 0.40333831310272219,
            "m20": 0.8019537329673767,
            "m30": 0.0,
            "m01": 0.40333831310272219,
            "m11": 0.8870788812637329,
            "m21": -0.22451995313167573,
            "m31": 0.0,
            "m02": -0.8019537925720215,
            "m12": 0.22451993823051454,
            "m22": -0.5535889267921448,
            "m32": 0.0,
            "m03": -7.204362869262695,
            "m13": 6.798381328582764,
            "m23": 28.597126007080079,
            "m33": 1.0
        },
        {
            "m00": 0.04453147202730179,
            "m10": 0.400870144367218,
            "m20": 0.9150519967079163,
            "m30": 0.0,
            "m01": 0.400870144367218,
            "m11": 0.8318135738372803,
            "m21": -0.38391315937042239,
            "m31": 0.0,
            "m02": -0.9150519967079163,
            "m12": 0.3839132487773895,
            "m22": -0.1236550360918045,
            "m32": 0.0,
            "m03": 46.16946029663086,
            "m13": -36.533226013183597,
            "m23": -29.26272201538086,
            "m33": 1.0
        },
        {
            "m00": 0.7871791124343872,
            "m10": -0.562969982624054,
            "m20": -0.2518213093280792,
            "m30": 0.0,
            "m01": -0.5629699230194092,
            "m11": -0.4892105758190155,
            "m21": -0.6661368012428284,
            "m31": 0.0,
            "m02": 0.25182124972343447,
            "m12": 0.666136622428894,
            "m22": -0.7020314335823059,
            "m32": 0.0,
            "m03": -27.24001121520996,
            "m13": -33.403621673583987,
            "m23": 19.91476821899414,
            "m33": 1.0
        },
        {
            "m00": 0.9089633226394653,
            "m10": 0.36904171109199526,
            "m20": 0.1938917338848114,
            "m30": 0.0,
            "m01": 0.36904171109199526,
            "m11": -0.49600911140441897,
            "m21": -0.7859918475151062,
            "m31": 0.0,
            "m02": -0.1938917487859726,
            "m12": 0.7859918475151062,
            "m22": -0.5870459079742432,
            "m32": 0.0,
            "m03": 16.10359001159668,
            "m13": -30.622486114501954,
            "m23": 44.8124885559082,
            "m33": 1.0
        },
        {
            "m00": 0.5902936458587647,
            "m10": 0.0842222273349762,
            "m20": 0.8027826547622681,
            "m30": 0.0,
            "m01": 0.08422227203845978,
            "m11": 0.9826866388320923,
            "m21": -0.16502586007118226,
            "m31": 0.0,
            "m02": -0.8027827143669128,
            "m12": 0.16502586007118226,
            "m22": 0.5729803442955017,
            "m32": 0.0,
            "m03": 28.179262161254884,
            "m13": -40.94507598876953,
            "m23": 34.412227630615237,
            "m33": 1.0
        },
        {
            "m00": 0.7991294264793396,
            "m10": 0.24884344637393952,
            "m20": -0.5472376942634583,
            "m30": 0.0,
            "m01": 0.24884344637393952,
            "m11": 0.6917265057563782,
            "m21": 0.6779317855834961,
            "m31": 0.0,
            "m02": 0.5472376942634583,
            "m12": -0.6779317259788513,
            "m22": 0.4908559322357178,
            "m32": 0.0,
            "m03": -1.084669589996338,
            "m13": -14.500243186950684,
            "m23": 3.179870128631592,
            "m33": 1.0
        },
        {
            "m00": 0.991920530796051,
            "m10": 0.03489482402801514,
            "m20": -0.12196676433086395,
            "m30": 0.0,
            "m01": 0.03489479422569275,
            "m11": 0.8492897152900696,
            "m21": 0.5267724990844727,
            "m31": 0.0,
            "m02": 0.12196674197912216,
            "m12": -0.5267725586891174,
            "m22": 0.8412103056907654,
            "m32": 0.0,
            "m03": 42.33281707763672,
            "m13": -42.10702133178711,
            "m23": 36.81327819824219,
            "m33": 1.0
        },
        {
            "m00": 0.7191977500915527,
            "m10": -0.06606516242027283,
            "m20": 0.6916574835777283,
            "m30": 0.0,
            "m01": -0.06606515496969223,
            "m11": 0.9844566583633423,
            "m21": 0.1627281755208969,
            "m31": 0.0,
            "m02": -0.6916574835777283,
            "m12": -0.1627282202243805,
            "m22": 0.7036543488502502,
            "m32": 0.0,
            "m03": 27.85468292236328,
            "m13": 14.686832427978516,
            "m23": -15.991727828979493,
            "m33": 1.0
        },
        {
            "m00": -0.16718709468841554,
            "m10": -0.6339768767356873,
            "m20": -0.7550643086433411,
            "m30": 0.0,
            "m01": -0.6339768767356873,
            "m11": 0.655644953250885,
            "m21": -0.41012564301490786,
            "m31": 0.0,
            "m02": 0.7550642490386963,
            "m12": 0.41012558341026308,
            "m22": -0.511542022228241,
            "m32": 0.0,
            "m03": 38.021949768066409,
            "m13": 13.488733291625977,
            "m23": 1.1667289733886719,
            "m33": 1.0
        },
        {
            "m00": 0.48624667525291445,
            "m10": 0.39444223046302798,
            "m20": 0.779730498790741,
            "m30": 0.0,
            "m01": 0.3944421708583832,
            "m11": 0.6971608996391296,
            "m21": -0.5986502170562744,
            "m31": 0.0,
            "m02": -0.7797304391860962,
            "m12": 0.5986501574516296,
            "m22": 0.1834074705839157,
            "m32": 0.0,
            "m03": 20.11896324157715,
            "m13": 45.61712646484375,
            "m23": -34.33517074584961,
            "m33": 1.0
        }
    ]